61
162.704822928032	11.3177653945009	100000
161.846299858454	10.5619885258633	79433
161.497929717809	10.4869213006001	63096
161.612033898223	10.9098585266635	50119
162.086031421397	11.7536025302436	39811
162.922035766874	12.9746056418219	31623
164.079635293377	14.5452399281661	25119
165.59707009785		16.4304227041141	19953
167.506041955284	18.6098999273269	15849
169.84470258446		21.0400072341332	12589
172.502109887388	23.676973378864		10000
175.783315080164	26.4934773916876	7943.3
179.516918600205	29.4532700167806	6309.6
183.666852159155	32.535199678872		5011.9
188.241008598755	35.7641744096816	3981.1
193.219374836941	39.118344257926		3162.3
198.573912631933	42.694192079357		2511.9
204.31154903181		46.5416950569886	1995.3
210.438560986061	50.7420634918958	1584.9
217.047733709507	55.3841367285688	1258.9
224.095871358195	60.5679970605803	1000
231.739709812475	66.4329978894056	794.33
240.035286170855	73.0455032375901	630.96
249.078731516644	80.5464308851995	501.19
258.97204549875		89.0669040690632	398.11
269.869878017089	98.7375936633693	316.23
281.912786421007	109.733131839601	251.19
295.233399115673	122.172152466801	199.53
310.028302408443	136.29070361916		158.49
326.555824304065	152.216349176382	125.89
344.962092914592	170.288618906188	100
365.417620531628	190.580474543682	79.433
388.533599271097	213.621955692923	63.096
414.434136553238	239.60021923339		50.119
444.602683443765	269.757726378597	39.811
477.303285411937	302.881451084261	31.623
514.124927716457	340.187548677446	25.119
555.571499383326	382.152805260986	19.953
601.948938999278	429.011999740847	15.849
654.247819998514	482.021786422354	12.589
713.146530470271	541.60621795927		10
779.04519188734		608.162562810041	7.9433
853.588810778609	683.064743399965	6.3096
937.081470756868	767.240926393681	5.0119
1031.38175720744	861.311611973327	3.9811
1136.43685561245	966.530717581624	3.1623
1254.95728857661	1084.64382552584	2.5119
1388.39106644307	1216.72933915695	1.9953
1537.31033207678	1362.87411580654	1.5849
1706.08447168207	1529.67996061521	1.2589
1893.00345058421	1714.15710279921	1
2104.14429187645	1921.5867868096		0.79433
2341.06355355646	2152.46164840128	0.63096
2606.79463083036	2409.1054915543		0.50119
2904.49507138896	2696.98583558274	0.39811
3241.03684253572	3019.48865006127	0.31623
3614.07953814712	3376.0778760428		0.25119
4048.2802757066		3783.70482085512	0.19953
4520.32517930748	4231.12302792299	0.15849
5082.72033380117	4722.52648907028	0.12589
5644.58576229817	5274.41823390402	0.1