61
173.516165309088	14.6784010729426	100000
172.552079577578	14.4195448827246	79433
172.202571437923	14.9838918842493	63096
172.331331876344	16.3805448728694	50119
172.812673916638	18.4669972686417	39811
173.639537048073	21.2891053219236	31623
174.83086137747		24.9126494326634	25119
176.424957718428	29.4740213953057	19953
178.479420740411	35.090324794474		15849
181.141618618752	41.9351527928964	12589
184.534736883297	50.212035866402		10000
189.146441524525	60.1401802016364	7943.3
195.230938495299	71.9166610924738	6309.6
203.345419710342	85.620617984326		5011.9
214.149267951039	101.214486201869	3981.1
228.323771335646	118.38306925499		3162.3
246.565831425104	136.474254027504	2511.9
269.215519005		154.537886149784	1995.3
296.334358282755	171.446199011626	1584.9
327.228717980834	186.027713580745	1258.9
361.140341561667	197.54102420571		1000
396.346443111706	205.489562069541	794.33
431.651084356527	210.338712118407	630.96
466.172123383282	213.075949622437	501.19
499.031708359626	214.254448220825	398.11
530.263225059468	215.158810647406	316.23
559.949193320482	216.85766446809		251.19
588.566545219082	220.14599426429		199.53
616.654956041391	225.575601702403	158.49
644.63228995433		233.618198607211	125.89
673.179358584604	244.641147865064	100
702.759897462851	258.750008546583	79.433
734.039686363435	276.390809476431	63.096
767.347544537469	297.66371014367		50.119
803.139630415723	323.229998439789	39.811
842.208705919202	353.088987131313	31.623
885.013016895819	387.81506290396		25.119
932.267329726154	427.798811609267	19.953
984.456647383117	473.210569029237	15.849
1042.27660173455	525.154937265705	12.589
1106.86952104096	584.09592491869		10
1178.8671391041		650.721961861503	7.9433
1258.95249357321	726.25207937951		6.3096
1348.20984864824	810.714771848949	5.0119
1448.20497976672	906.431155210361	3.9811
1559.96298924812	1013.81405667147	3.1623
1685.45214700537	1134.23866647933	2.5119
1825.92690895182	1268.6764179939		1.9953
1984.26899339269	1421.42699078056	1.5849
2159.11480947451	1589.22793389703	1.2589
2353.92089307969	1777.18607341364	1
2576.19585588432	1988.88093443359	0.79433
2822.81379109822	2227.14621270071	0.63096
3100.22607992687	2491.95079556043	0.50119
3411.21382133836	2786.41667747087	0.39811
3754.60762496232	3113.36502938975	0.31623
4158.31954066864	3491.13189033003	0.25119
4596.73193543669	3902.57801799242	0.19953
5113.24330409631	4367.75178568973	0.15849
5633.77278261548	4864.60521187322	0.12589
6243.20984671006	5429.38033569466	0.1