61
187.014215539726	13.0733050764751	100000
185.961660353932	11.944841271268		79433
185.490788985365	11.5894877602886	63096
185.49082531866		11.8411280903084	50119
185.94535128778		12.490656041178		39811
186.74146957816		13.5929050838476	31623
187.895579661944	15.0265345609179	25119
189.392567857829	16.7779680664141	19953
191.274024041339	18.8322906246158	15849
193.543229070731	21.1481902322316	12589
196.055903651554	23.7114559873295	10000
199.196877098011	26.483631396038		7943.3
202.755454582401	29.4518736591501	6309.6
206.754350015689	32.6093789803		5011.9
211.183108920615	35.9593794799045	3981.1
215.996826334552	39.5445389971723	3162.3
221.237907444983	43.4350622577542	2511.9
226.920613918123	47.6772071270518	1995.3
233.042952369928	52.350425356695		1584.9
239.674276656137	57.5941152433889	1258.9
246.920859320472	63.414713615384		1000
254.816641365754	70.0146914557154	794.33
263.483195148419	77.4528683389527	630.96
273.008615632563	85.8925590121106	501.19
283.536543229005	95.4089682585527	398.11
295.207339317136	106.191127040436	316.23
308.16985065438		118.361463078647	251.19
322.621486687027	132.185074104714	199.53
338.713233556478	147.73826686299		158.49
356.711633083253	165.259468482528	125.89
376.823126477082	185.029429679909	100
399.500448499969	207.38659303349		79.433
424.783558497844	232.456912378516	63.096
452.496244400126	260.412046078947	50.119
484.301432892356	292.197401880472	39.811
521.822033037082	329.186827213863	31.623
562.065226793182	369.421567546898	25.119
607.38025755853		414.548719212816	19.953
658.17599044065		465.219613833532	15.849
714.55349305202		521.986141029498	12.589
778.689662748857	586.05840813793		10
850.210998341553	657.883075970078	7.9433
930.776687179303	738.705710032389	6.3096
1020.83142895684	828.743487862586	5.0119
1122.31874997883	929.905167036617	3.9811
1236.08759537679	1043.80842799867	3.1623
1363.52521474225	1171.26736022328	2.5119
1506.72556456312	1313.71068162431	1.9953
1668.60997763731	1473.21795464987	1.5849
1847.78881737552	1653.77036318191	1.2589
2048.2148929297		1854.13231367309	1
2275.06560163658	2080.73168537093	0.79433
2529.75457392517	2333.77840056928	0.63096
2817.68633762217	2618.48462466084	0.50119
3137.16270714222	2935.59935077767	0.39811
3498.24315108698	3289.98848521846	0.31623
3913.1325712118		3698.71444365188	0.25119
4368.754691154		4145.2428888253		0.19953
4876.3924939237		4667.69121059836	0.15849
5462.73746792084	5198.70265573228	0.12589
6110.60894383216	5815.23387797099	0.1