61
171.631604900921	10.900660482482		100000
170.742750260151	9.87431389515942	79433
170.39408129337		9.50912963970682	63096
170.473394420989	9.60601542170119	50119
170.888614370069	10.0751669692656	39811
171.580568981035	10.8054382073035	31623
172.533437172915	11.8211246440646	25119
173.740982679108	13.0606358870362	19953
175.205181799887	14.5237756916968	15849
176.919245732285	16.176896111578		12589
178.799971751227	18.0385986580308	10000
181.044590540446	20.1477684801621	7943.3
183.572354913127	22.506248598026		6309.6
186.403388020055	25.1202413925988	5011.9
189.523441812477	28.0388061476982	3981.1
193.032507459435	31.2900280493597	3162.3
196.94269212125		34.9258290456212	2511.9
201.274373799807	38.9845955257881	1995.3
206.083194483971	43.502153695348		1584.9
211.453689276958	48.6176160342362	1258.9
217.399034613451	54.3514132450803	1000
224.047925750411	60.7933400723174	794.33
231.488891308532	68.0653938644256	630.96
239.778331063967	76.2695654939322	501.19
249.035047417115	85.5305952898396	398.11
259.444860307714	95.9594135312323	316.23
271.123429969627	107.746883982995	251.19
284.173001403242	120.970627514303	199.53
298.921762610125	135.922022148242	158.49
315.314556163845	152.667361018903	125.89
333.993781293724	171.456583501394	100
354.824122845661	192.893127578629	79.433
378.277256157781	216.852321738385	63.096
404.872877832754	243.72196010742		50.119
435.433955719515	274.61439622011		39.811
468.38928475212		308.472345575064	31.623
506.662622474036	346.948869604355	25.119
549.082841978148	389.778581268115	19.953
597.793560910508	438.786229642017	15.849
649.949758856234	492.387703179183	12.589
710.98068991974		552.462239801953	10
778.383995916758	619.602874505301	7.9433
855.17229098965		695.868795831408	6.3096
940.189464514622	781.530667969633	5.0119
1036.45791491928	877.086956074699	3.9811
1144.67910775155	984.29830383129		3.1623
1265.52196764962	1103.96060501607	2.5119
1402.46862938411	1238.32459995952	1.9953
1555.44391501244	1388.218688315		1.5849
1727.56534200735	1555.8675363508		1.2589
1919.7533842098		1744.87971907797	1
2136.0009532815		1954.58974421675	0.79433
2378.94682073268	2189.90222483228	0.63096
2650.97136676826	2451.71729524062	0.50119
2958.38585291315	2743.90791378511	0.39811
3301.0768773548		3070.02979623502	0.31623
3694.16662204094	3439.70610205425	0.25119
4122.6856340038		3843.71488487288	0.19953
4600.73232119485	4313.02630594272	0.15849
5153.60865983754	4794.85871257514	0.12589
5784.16546863537	5328.24255691281	0.1