61
172.897732640476	12.699959469914		100000
171.945671811592	11.8562237894373	79433
171.482649209653	11.7629138580961	63096
171.433813371107	12.3160523525119	50119
171.709797260334	13.4130154248893	39811
172.216620534173	15.006040069191		31623
172.963072793121	17.1918568743999	25119
173.942189621319	20.0041893402616	19953
175.136033756499	23.5121648730834	15849
176.635024598265	27.8372182482585	12589
178.331508366423	33.1455698867452	10000
180.577826033293	39.6603094809263	7943.3
183.354390791112	47.5656951922422	6309.6
186.845926191496	57.2097583385153	5011.9
191.284652103444	68.9058815611951	3981.1
197.096932883279	83.0323936750219	3162.3
204.849893269894	99.9312355091863	2511.9
215.325879632884	119.867076108825	1995.3
229.416428065866	142.886740494918	1584.9
248.304241505365	168.712612782878	1258.9
273.04319275583		196.691569085634	1000
304.521494104914	225.524936138341	794.33
343.22325863122		253.700846497376	630.96
388.537126145732	278.999158675338	501.19
439.4361545684		300.371243237165	398.11
493.603968602207	315.979815171755	316.23
549.180755946621	326.577773352525	251.19
603.602008607615	332.747911105266	199.53
655.909662922224	336.430008351259	158.49
705.668345246768	339.314517503924	125.89
752.95094981254		343.267480656605	100
798.345333310913	349.282237042356	79.433
842.994397891324	358.790172440407	63.096
887.414204031504	372.429447931952	50.119
932.600079807061	390.690599881608	39.811
979.954097846913	414.249542418006	31.623
1029.91673525108	443.764147782519	25.119
1083.8994972148		479.138533335451	19.953
1141.73743722558	521.148296911333	15.849
1204.88306000677	570.120887343058	12.589
1274.40659693431	626.725279996793	10
1350.67630098271	692.021765259073	7.9433
1435.236129105		766.360632938942	6.3096
1528.58102942914	850.162237601819	5.0119
1633.21408805889	945.786974406455	3.9811
1749.50676298032	1053.98639193938	3.1623
1879.43386586668	1175.1613572453		2.5119
2023.83524726463	1312.25254314732	1.9953
2189.04436724977	1468.99457180959	1.5849
2367.9972463517		1638.54165110414	1.2589
2569.64583439521	1832.03935838897	1
2798.78278508846	2048.76948431785	0.79433
3049.42724261274	2291.23992764745	0.63096
3334.90875394353	2565.46038958611	0.50119
3652.56885915382	2867.09351844108	0.39811
4019.74372554744	3215.68180485659	0.31623
4418.16501123424	3594.78622637886	0.25119
4871.32335365273	4015.08825307213	0.19953
5369.19785706304	4486.83121463547	0.15849
5927.11865081877	5023.80373184492	0.12589
6571.83691653242	5598.08039274074	0.1