61
188.143661541057	12.4646836453334	100000
187.336213671851	11.5621469202232	79433
187.100653044456	11.3416396817138	63096
187.336645222657	11.6049191586758	50119
188.005675853522	12.2359136913194	39811
188.986646136175	13.1953826242148	31623
190.307939975255	14.367346832889		25119
191.911437341723	15.7977836837857	19953
193.800788877611	17.4037703320826	15849
195.93460604121		19.2263850787487	12589
198.253704666321	21.2239040974004	10000
201.007531298193	23.4557564316381	7943.3
204.015937154135	25.8700711874422	6309.6
207.361141100391	28.5454635781928	5011.9
211.035879612738	31.5314791102285	3981.1
214.999377677867	34.8422678646521	3162.3
219.340195839308	38.5350128791685	2511.9
224.203015067053	42.6639253166606	1995.3
229.490529006698	47.2939831021743	1584.9
235.355925407905	52.4949054677125	1258.9
241.805281616144	58.368333063924		1000
248.975933844292	64.9640271463936	794.33
256.956048374363	72.4187514770884	630.96
265.781054188569	80.8018716472166	501.19
275.667196474832	90.2753809506786	398.11
286.686599650006	100.934575696981	316.23
299.039484393763	112.987982266854	251.19
312.849824168559	126.516937365555	199.53
328.265614001891	141.799321212135	158.49
345.52574530333		158.943787107314	125.89
364.832798944401	178.2438005202		100
386.559133999885	199.951691295438	79.433
410.968852464246	224.447214073802	63.096
439.349881531732	252.607321684481	50.119
470.076892596378	283.538954412154	39.811
504.6723862333		318.192798197536	31.623
543.614349835635	357.442294917876	25.119
587.468685048751	401.365388040386	19.953
636.589554315181	450.625028548248	15.849
691.627832439798	505.817985361772	12.589
753.510984734282	567.679559223649	10
822.806295779961	637.201975505139	7.9433
900.981591024044	715.639983665955	6.3096
988.632673396555	802.727713005847	5.0119
1086.80822882949	900.642900001349	3.9811
1197.37111690791	1010.5903047787		3.1623
1321.79444706872	1134.07878557496	2.5119
1460.84918492833	1271.60209714082	1.9953
1615.01103522162	1424.45545131511	1.5849
1792.33255630645	1597.59865934467	1.2589
1988.54751980534	1790.08834976581	1
2210.91086108852	2007.17086309544	0.79433
2458.24963114353	2247.45228315487	0.63096
2736.90792394159	2517.44090003022	0.50119
3049.50847101088	2817.6869880866		0.39811
3400.4514267718		3154.39990329097	0.31623
3801.62351595101	3534.99716050048	0.25119
4243.71185940838	3952.29386023445	0.19953
4739.3293021745		4414.82477329182	0.15849
5297.67516924181	4933.48879458314	0.12589
5915.73804774304	5503.04964806581	0.1