61
174.937992889647	11.6500486219546	100000
174.029779516124	10.6517583269165	79433
173.712662393566	10.365809689637		63096
173.825666445923	10.5826676246619	50119
174.345557877992	11.1751088769154	39811
175.157168798157	12.0554268734151	31623
176.268031534483	13.234307268063		25119
177.67979736614		14.6598282656394	19953
179.367880756859	16.3080904334729	15849
181.353283958895	18.159302922779		12589
183.574647696474	20.233401428789		10000
186.167889440815	22.4859643000698	7943.3
189.107359671707	24.9699452720487	6309.6
192.358417684559	27.692859358087		5011.9
195.958525664968	30.6862195910191	3981.1
199.904813590449	33.9664580612239	3162.3
204.255786717019	37.6006745455704	2511.9
209.028871082032	41.6538859684329	1995.3
214.297921203963	46.1266615340322	1584.9
220.104402494775	51.1698210146052	1258.9
226.462014960288	56.7793168230749	1000
233.511321399515	63.1478402172859	794.33
241.340838751346	70.2937095878579	630.96
249.979718727836	78.3155283614083	501.19
259.618729953207	87.4139451656536	398.11
270.351687076865	97.6443115471366	316.23
282.245319714803	109.179631139526	251.19
295.591622026879	122.210934377834	199.53
310.411312560512	136.867317615412	158.49
327.011856776802	153.38478333574		125.89
345.723750222631	171.979196688973	100
366.657044025049	193.032548383772	79.433
390.320988202869	216.882824924486	63.096
416.710697400957	243.483942430381	50.119
447.379801890155	274.285817335689	39.811
481.064755847258	308.295344490168	31.623
518.138072639014	346.112573218622	25.119
560.556840401122	389.013729721952	19.953
608.044176529528	436.646380310953	15.849
661.334935796105	490.670273222428	12.589
721.626442903737	551.523342052375	10
789.01262431784		619.316626307338	7.9433
865.276260130832	696.287102088899	6.3096
950.282895844391	780.958791704291	5.0119
1045.98801958155	876.239297885114	3.9811
1153.48129332136	983.40911982777		3.1623
1274.70668915981	1104.06145805104	2.5119
1410.31936573283	1237.98689559535	1.9953
1562.60747616372	1388.71309286868	1.5849
1734.25855313595	1557.38506439756	1.2589
1926.1234048946		1744.49261824147	1
2141.07263553082	1954.3304116513		0.79433
2383.82277192791	2189.87700638943	0.63096
2654.69842833199	2451.90527554964	0.50119
2958.9330208079		2742.68158987089	0.39811
3300.53513507569	3069.07504866077	0.31623
3692.58027028959	3439.94360142433	0.25119
4120.78179969519	3844.77047258608	0.19953
4603.08746448915	4293.27779564888	0.15849
5141.29113145401	4795.10849045416	0.12589
5755.14715636461	5349.25903785521	0.1