61
177.340846690103	11.0133025887418	100000
176.223260517108	10.0046027959099	79433
175.743173335231	9.71139817262259	63096
175.718668951839	9.8417654084771		50119
176.058066184548	10.4414320633229	39811
176.696123755087	11.3442641033212	31623
177.653459893446	12.578483464706		25119
178.896482386272	14.0934880479291	19953
180.452295897012	15.8598262107985	15849
182.32697417042		17.8677096990828	12589
184.424683086265	20.0897079047624	10000
187.009421221736	22.5375462350623	7943.3
189.940543480527	25.2153923473036	6309.6
193.193277008387	28.119964878905		5011.9
196.836506082577	31.2842248694248	3981.1
200.854611680775	34.7646322886738	3162.3
205.276353227106	38.6162867526004	2511.9
210.135992676151	42.866293551493		1995.3
215.505646291872	47.6293299539801	1584.9
221.4005956713		52.9131668160806	1258.9
227.94578516706		58.9078664176279	1000
235.179233772733	65.6044002309931	794.33
243.202325653419	73.196035360131		630.96
252.135841728873	81.7686454997411	501.19
262.107497846764	91.4313603804195	398.11
273.251019731181	102.323282157959	316.23
285.710430858561	114.654228838582	251.19
299.666256974465	128.500588718835	199.53
315.363791804803	144.051122667969	158.49
332.938119612142	161.53682056463		125.89
352.581095533987	181.218767241271	100
374.68519214779		203.313998073076	79.433
399.531574833689	228.169928111949	63.096
427.519097729861	256.110447925259	50.119
459.786164909499	288.134128193707	39.811
495.051588420051	323.430085003411	31.623
534.427789776571	362.746885889858	25.119
578.994269289056	406.999926190143	19.953
628.843639150642	456.504152813651	15.849
684.725638978997	512.203018654231	12.589
747.621813076554	574.436483467267	10
818.116782041612	644.210513337704	7.9433
897.117843901205	722.268148036252	6.3096
985.476027088833	809.450153227913	5.0119
1084.33195821977	907.03187703351		3.9811
1195.637745805		1016.4392886572		3.1623
1320.18268624055	1138.76604297182	2.5119
1460.17752595047	1275.72428865979	1.9953
1615.95572224619	1430.03063381504	1.5849
1793.0086040314		1598.60141805924	1.2589
1988.35999652046	1790.11262305372	1
2210.82582496045	2005.17273222998	0.79433
2455.49541542641	2242.54207829544	0.63096
2730.93166448355	2507.86193448637	0.50119
3041.06049247442	2803.00543033622	0.39811
3387.59339761424	3133.0183821447		0.31623
3783.49215988384	3507.90385741935	0.25119
4218.32283515247	3914.33588495628	0.19953
4703.92604841478	4367.74859869436	0.15849
5247.69713477316	4870.34295579207	0.12589
5860.64901891895	5433.67357934245	0.1