61
168.91392	11.70774	100000
167.91881	10.77747	79433
167.48745	10.52151	63096
167.50969	10.78285	50119
167.96069	11.47954	39811
168.72496	12.63003	31623
169.76266	14.02817	25119
171.16019	15.77743	19953
172.90078	17.83571	15849
175.04093	20.17087	12589
177.47412	22.7454		10000
180.46448	25.56653	7943.3
183.92746	28.58664	6309.6
187.81049	31.83246	5011.9
192.14161	35.25648	3981.1
196.92933	38.92974	3162.3
202.15379	42.8543		2511.9
207.83699	47.1086		1995.3
213.99862	51.7671		1584.9
220.65137	56.89957	1258.9
227.93747	62.62189	1000
235.84641	69.0107		794.33
244.48356	76.20026	630.96
253.94174	84.31243	501.19
264.36371	93.46237	398.11
275.87004	103.78445	316.23
288.58689	115.46157	251.19
302.7168	128.65223	199.53
318.39811	143.54634	158.49
335.90586	160.38486	125.89
355.23759	179.20761	100
377.05072	200.58428	79.433
401.58213	224.71251	63.096
429.15414	251.98723	50.119
460.74257	283.32473	39.811
495.31742	317.77867	31.623
534.06902	356.63644	25.119
577.92144	400.23024	19.953
626.65431	449.31156	15.849
681.598		504.4546	12.589
743.41467	566.19011	10
812.96272	635.34678	7.9433
890.37358	712.98013	6.3096
977.98658	800.09033	5.0119
1076.31482	897.73859	3.9811
1186.9937	1007.11005	3.1623
1310.33377	1129.64395	2.5119
1449.79775	1267.13566	1.9953
1606.52838	1420.09457	1.5849
1781.78096	1592.48775	1.2589
1977.55798	1783.44767	1
2200.43562	1998.27183	0.79433
2446.55158	2239.39563	0.63096
2725.29579	2508.6827	0.50119
3035.97218	2806.87616	0.39811
3386.79097	3143.17531	0.31623
3788.50166	3523.55448	0.25119
4227.10417	3940.86101	0.19953
4723.82617	4406.17944	0.15849
5277.7434	4922.34286	0.12589
5904.19086	5492.32229	0.1