61
170.515696418401	11.2102553933925	100000
169.448583184042	10.2504276938455	79433
169.038090714177	9.95271279591343	63096
169.049420419426	10.1814858159548	50119
169.440503589364	10.7930350234463	39811
170.145977303205	11.76810484846		31623
171.162384358601	13.0406960495371	25119
172.389808439306	14.5935790047799	19953
174.050256466129	16.4081899803462	15849
176.0389323328		18.4280474281936	12589
178.333995998177	20.6445004516594	10000
181.02424085908		23.0877934436128	7943.3
184.071571890927	25.7492862505554	6309.6
187.452984643288	28.6086244876733	5011.9
191.171608279911	31.7309434442488	3981.1
195.309807523691	35.1371413613987	3162.3
199.771914881524	38.9083501409468	2511.9
204.701859247681	43.1001109817438	1995.3
210.062432904688	47.7775694537794	1584.9
215.957683648824	53.0382743280093	1258.9
222.486121719288	58.9747533393367	1000
229.683123145361	65.6911211146795	794.33
237.673553729287	73.2942745979314	630.96
246.545077348814	81.9181730202081	501.19
256.506647238413	91.6914136719141	398.11
267.63160621829		102.761321193948	316.23
280.128075761683	115.240008037897	251.19
294.123339965961	129.326258450316	199.53
309.919805918853	145.20785026511		158.49
327.636561817927	163.027276450103	125.89
347.560358271782	183.041359428418	100
370.016381980586	205.562465735707	79.433
395.283179808873	230.846398559911	63.096
423.580476693737	259.238366556028	50.119
454.727336137697	290.847446557893	39.811
490.474965604077	326.539277307668	31.623
532.658091104774	368.138333795686	25.119
578.139376325894	413.419927378156	19.953
628.963479213493	463.938119612765	15.849
685.950077958316	520.542702269321	12.589
750.151472611078	583.996994426125	10
822.102898346842	655.177042727215	7.9433
902.881967556937	734.934735875254	6.3096
993.667093580509	824.506346214409	5.0119
1095.27967848798	924.660654133462	3.9811
1209.36301808822	1036.77237879329	3.1623
1337.439990589		1162.58561876023	2.5119
1481.06058702		1303.50890973334	1.9953
1641.82522516744	1460.474066222		1.5849
1822.45993540854	1635.68825537143	1.2589
2025.54345303048	1833.76789440784	1
2255.86674818638	2054.77001078955	0.79433
2507.83883173956	2300.97452610118	0.63096
2795.92217020383	2578.52367787965	0.50119
3118.33755674131	2885.90230002574	0.39811
3480.12082938928	3229.70180408825	0.31623
3898.96600755398	3625.48691182028	0.25119
4352.84277595734	4051.69004505705	0.19953
4863.66341065764	4527.04996112004	0.15849
5437.91146593088	5056.85533925952	0.12589
6079.87115223321	5646.49509871702	0.1