61
164.305962966801	11.9483411142823	100000
163.377854917785	11.1907701341034	79433
162.950340445979	11.1590783395331	63096
162.899231382027	11.6865438046942	50119
163.166402480776	12.728073585424		39811
163.684518927781	14.2688297388136	31623
164.426169662388	16.3559011030173	25119
165.397284960527	19.0167222349038	19953
166.636329215579	22.3533219696707	15849
168.167408179287	26.4652768525637	12589
170.015021995666	31.4751411680413	10000
172.46782441922		37.5905063026698	7943.3
175.573107557087	44.9608455241176	6309.6
179.587680765686	53.8166184075345	5011.9
184.831147126778	64.352017536145		3981.1
191.797640907436	76.7110899144551	3162.3
201.014013782205	90.9280341277731	2511.9
213.171429261295	106.781882715079	1995.3
228.924072129844	123.833509253663	1584.9
248.685858612549	141.261598283443	1258.9
272.519954059721	158.143192697577	1000
300.072302617963	173.419111609377	794.33
330.499157293365	186.359253450456	630.96
362.754512578646	196.822395133015	501.19
395.505012436952	204.822631194878	398.11
427.954172611477	211.214935456892	316.23
458.682939528191	216.54676141617		251.19
489.599429145924	222.507283160787	199.53
521.926287722031	230.562227857814	158.49
552.120787152109	239.6414999323		125.89
582.722446316066	251.321568921385	100
614.042517890497	265.826828443076	79.433
646.769465090068	283.659652116769	63.096
681.372350674775	305.245868750653	50.119
718.660491894818	330.855332522033	39.811
758.906651881985	360.953773677584	31.623
803.065017655922	396.089205701886	25.119
851.635847084289	436.617941733731	19.953
905.077392857584	482.764896937609	15.849
964.418695271225	535.399964185938	12.589
1030.09517329992	595.277111129112	10
1103.52394478376	662.905604219793	7.9433
1185.33533544212	739.400127340511	6.3096
1276.68358732905	825.469867446055	5.0119
1378.68690781401	922.632572420739	3.9811
1493.09471699648	1031.68197362677	3.1623
1620.34021827332	1154.26660061642	2.5119
1763.55317276925	1291.84835018924	1.9953
1924.55046644477	1444.9559272344		1.5849
2102.52151553324	1618.37543790118	1.2589
2303.04339710931	1810.13074469668	1
2530.32835592651	2026.31315467368	0.79433
2781.13292162833	2268.82930134505	0.63096
3063.68209813431	2534.4728693393		0.50119
3381.72718725446	2841.41189395951	0.39811
3735.92439405097	3177.92918084817	0.31623
4147.35490723794	3562.71158854769	0.25119
4596.19462548723	3984.21831969648	0.19953
5098.46632173353	4449.10682193494	0.15849
5662.2834903152		4970.59600101199	0.12589
6289.23940169802	5551.75962578379	0.1