61
175.220495857035	10.838201133116		100000
174.088093982688	9.75123660510084	79433
173.533079512989	9.3465173192954		63096
173.504124863168	9.41124114775034	50119
173.768792308753	9.91046129577413	39811
174.340092762058	10.7254687591483	31623
175.193714062104	11.8417415548534	25119
176.290559022438	13.2454832061176	19953
177.704343021137	14.9090990616773	15849
179.419535524446	16.8083803863213	12589
181.35857392581		18.9338786133997	10000
183.736807025078	21.3052750102766	7943.3
186.453087023555	23.9283994477158	6309.6
189.492798414573	26.7895744469518	5011.9
192.891962998437	29.9451036374639	3981.1
196.697865172583	33.419505752843		3162.3
200.890319971943	37.2820509041265	2511.9
205.552202488443	41.5761483799381	1995.3
210.698861289043	46.3613868115005	1584.9
216.403035209022	51.7315565866384	1258.9
222.766334078322	57.7799889433812	1000
229.830427041348	64.5717528264189	794.33
237.704503635935	72.2455265515821	630.96
246.496889889348	80.9139704936837	501.19
256.355812517319	90.6905565063781	398.11
267.392903352644	101.72163761807		316.23
279.778015605402	114.162669993328	251.19
293.679063445865	128.161308968481	199.53
309.33846437707		143.906873033544	158.49
326.903987189164	161.578671496195	125.89
346.607457760792	181.450631716165	100
368.83323081646		203.818038700093	79.433
393.815825306912	228.918578989857	63.096
421.906209674646	257.155185772823	50.119
453.286435787078	288.837653138755	39.811
488.699533755264	324.359109424439	31.623
529.875355705312	365.212679076644	25.119
574.876478868465	410.075464224306	19.953
625.246061708476	460.324381623266	15.849
681.761905247053	516.617229930937	12.589
745.408342652391	579.688505871603	10
816.796212486247	650.459339379615	7.9433
896.847958304758	729.695018126122	6.3096
986.631512129705	818.331796373714	5.0119
1087.30200407822	917.754409019172	3.9811
1200.33750705476	1029.07821127951	3.1623
1326.85699108301	1153.76605536523	2.5119
1469.45987630314	1293.33810267572	1.9953
1626.94393004083	1449.67822722896	1.5849
1807.28912646344	1622.83352670238	1.2589
2007.57968751438	1818.28031252951	1
2234.50000047594	2036.84955300909	0.79433
2484.43513408546	2280.84689871056	0.63096
2767.95636973407	2554.1408793297		0.50119
3085.40703200702	2857.02076401174	0.39811
3441.55347809593	3195.98254459378	0.31623
3849.88632078255	3582.94811666327	0.25119
4294.7641950154		4000.20622916876	0.19953
4793.82153589626	4465.8788872245		0.15849
5353.86013745837	4983.10661905521	0.12589
5987.36403554471	5575.39336656217	0.1
