61
171.218223960817	11.2928460413521	100000
170.282374396827	10.2987194955407	79433
169.950243683837	10.0063788748081	63096
170.03090494104		10.2028303244318	50119
170.467368969361	10.7439020806575	39811
171.244628059084	11.6217076937107	31623
172.296492732973	12.785922064642		25119
173.658638079766	14.1828671785837	19953
175.299351629157	15.7907832752339	15849
177.249102634755	17.5940760660094	12589
179.342508948687	19.5745215668536	10000
181.896814515259	21.7854914459049	7943.3
184.734521041679	24.1748515703166	6309.6
187.863832727203	26.8082661730724	5011.9
191.318475866263	29.6922005872723	3981.1
195.110414580317	32.9032241892723	3162.3
199.283342918382	36.4521787552878	2511.9
203.863988994344	40.4130618674376	1995.3
208.887374208993	44.8543488830882	1584.9
214.451188080886	49.8764468300067	1258.9
220.608802528194	55.4986451872307	1000
227.420763542352	61.8370606753514	794.33
235.009955351061	68.9999539685969	630.96
243.440673519471	77.1037047852396	501.19
252.861446026799	86.2309491463166	398.11
263.367734446561	96.5315484469565	316.23
275.155343280448	108.163217569835	251.19
288.32795045774		121.292945449342	199.53
303.104444890896	136.058967687666	158.49
319.649536535992	152.696864616701	125.89
338.211646380996	171.424005548739	100
359.14694719631		192.527763350789	79.433
382.658526133052	216.308048174282	63.096
409.077149041142	243.007591037082	50.119
437.932899875292	272.676497595289	39.811
471.267215380026	306.404636213713	31.623
508.758538209695	344.264973216633	25.119
553.285945521703	388.325727061605	19.953
600.982746204981	436.221107806002	15.849
654.487393899256	489.992599662691	12.589
714.527128011501	550.262836408171	10
782.386849881497	617.782855782736	7.9433
858.472664502828	693.82853509209		6.3096
943.800979374682	778.678684964443	5.0119
1039.82532242181	873.754313059806	3.9811
1147.36873442182	979.980210122581	3.1623
1268.75033059436	1099.64937675779	2.5119
1403.29026328179	1232.8394791169		1.9953
1555.35887282061	1382.18694209896	1.5849
1726.92905415017	1549.88944628621	1.2589
1917.76147437014	1735.63400016724	1
2135.0809930657		1944.42425615364	0.79433
2372.69683360129	2176.99722890217	0.63096
2643.96071520423	2438.61515424832	0.50119
2947.56117214422	2727.78949687395	0.39811
3287.87972375923	3052.07623058019	0.31623
3679.14581353041	3422.4826302775		0.25119
4105.09839693163	3827.48363635547	0.19953
4584.49979494256	4301.827395456		0.15849
5126.68831855393	4777.68060250777	0.12589
5723.93065788703	5329.83531308224	0.161
187.014215539726	13.0733050764751	100000
185.961660353932	11.944841271268		79433
185.490788985365	11.5894877602886	63096
185.49082531866		11.8411280903084	50119
185.94535128778		12.490656041178		39811
186.74146957816		13.5929050838476	31623
187.895579661944	15.0265345609179	25119
189.392567857829	16.7779680664141	19953
191.274024041339	18.8322906246158	15849
193.543229070731	21.1481902322316	12589
196.055903651554	23.7114559873295	10000
199.196877098011	26.483631396038		7943.3
202.755454582401	29.4518736591501	6309.6
206.754350015689	32.6093789803		5011.9
211.183108920615	35.9593794799045	3981.1
215.996826334552	39.5445389971723	3162.3
221.237907444983	43.4350622577542	2511.9
226.920613918123	47.6772071270518	1995.3
233.042952369928	52.350425356695		1584.9
239.674276656137	57.5941152433889	1258.9
246.920859320472	63.414713615384		1000
254.816641365754	70.0146914557154	794.33
263.483195148419	77.4528683389527	630.96
273.008615632563	85.8925590121106	501.19
283.536543229005	95.4089682585527	398.11
295.207339317136	106.191127040436	316.23
308.16985065438		118.361463078647	251.19
322.621486687027	132.185074104714	199.53
338.713233556478	147.73826686299		158.49
356.711633083253	165.259468482528	125.89
376.823126477082	185.029429679909	100
399.500448499969	207.38659303349		79.433
424.783558497844	232.456912378516	63.096
452.496244400126	260.412046078947	50.119
484.301432892356	292.197401880472	39.811
521.822033037082	329.186827213863	31.623
562.065226793182	369.421567546898	25.119
607.38025755853		414.548719212816	19.953
658.17599044065		465.219613833532	15.849
714.55349305202		521.986141029498	12.589
778.689662748857	586.05840813793		10
850.210998341553	657.883075970078	7.9433
930.776687179303	738.705710032389	6.3096
1020.83142895684	828.743487862586	5.0119
1122.31874997883	929.905167036617	3.9811
1236.08759537679	1043.80842799867	3.1623
1363.52521474225	1171.26736022328	2.5119
1506.72556456312	1313.71068162431	1.9953
1668.60997763731	1473.21795464987	1.5849
1847.78881737552	1653.77036318191	1.2589
2048.2148929297		1854.13231367309	1
2275.06560163658	2080.73168537093	0.79433
2529.75457392517	2333.77840056928	0.63096
2817.68633762217	2618.48462466084	0.50119
3137.16270714222	2935.59935077767	0.39811
3498.24315108698	3289.98848521846	0.31623
3913.1325712118		3698.71444365188	0.25119
4368.754691154		4145.2428888253		0.19953
4876.3924939237		4667.69121059836	0.15849
5462.73746792084	5198.70265573228	0.12589
6110.60894383216	5815.23387797099	0.1