61
175.570099681434	13.9811082542198	100000
174.500121175546	13.1092317248071	79433
174.01601012591		12.9857852629188	63096
173.967308479017	13.5571633439104	50119
174.395381667719	14.6802858335643	39811
175.140768943737	16.3371673048261	31623
176.176422055724	18.5572225702013	25119
177.516241788459	21.3518451038243	19953
179.191183078722	24.8003779013602	15849
181.268089592772	28.9972715383832	12589
183.597590907468	33.9898839822212	10000
186.865347161482	39.9707439721686	7943.3
190.853578136938	46.9946121655948	6309.6
195.931068503532	55.2048558023317	5011.9
202.364654470307	64.6964953226321	3981.1
210.551198760628	75.3860541185586	3162.3
220.867722025767	87.1238888296005	2511.9
233.655698592735	99.5499001038328	1995.3
249.22156374829		111.946110606736	1584.9
267.464942044818	123.971344561081	1258.9
288.075637129962	134.650724881951	1000
310.127395782584	144.040476929995	794.33
333.279321503789	151.873066110615	630.96
357.095066897249	159.129520374573	501.19
380.977731004622	165.348882745957	398.11
403.52068286817		170.565982909996	316.23
427.126989528953	177.362683400995	251.19
450.328561447772	184.811845937719	199.53
472.94027216149		193.150598215451	158.49
497.418631156035	204.316832868891	125.89
522.462754027296	217.522333618759	100
548.986258974392	233.213522734006	79.433
575.590118656787	250.963373674861	63.096
605.611685961579	272.422423525366	50.119
637.774347418949	297.238524254651	39.811
673.396504968252	325.930402132683	31.623
711.649444991108	358.743551083942	25.119
754.569466852448	396.271981502242	19.953
800.923442891093	438.759042105696	15.849
851.292385245731	486.768319487227	12.589
908.039203102562	541.432184448575	10
972.938196324496	603.376256594328	7.9433
1043.2185665861		673.081123812451	6.3096
1123.88077815424	751.586524148584	5.0119
1212.25744480429	839.607346380874	3.9811
1312.51701541263	939.095811313552	3.1623
1425.24376506963	1051.09633018195	2.5119
1552.73783252581	1176.71685211367	1.9953
1694.08750748021	1317.08004070511	1.5849
1854.38680732726	1474.39683937193	1.2589
2033.43651303355	1650.9532266425		1
2233.96724919298	1848.70657474365	0.79433
2459.51585802267	2070.35250424953	0.63096
2711.26320572621	2317.31224267159	0.50119
2994.59071736376	2588.62143711405	0.39811
3315.59906678722	2899.35740286219	0.31623
3674.62970313115	3245.94128040037	0.25119
4085.31698318793	3636.40064589853	0.19953
4537.23570246066	4062.96120555116	0.15849
5082.13793022656	4541.1624735078		0.12589
5618.57273891181	5065.65184019494	0.1