61
161.293621891812	12.2511509233538	100000
160.644784652535	11.6791243985863	79433
160.56738137753		11.7399663045035	63096
160.973673571974	12.3723145114689	50119
161.779110873817	13.3717085575187	39811
162.944920495595	14.6884526892203	31623
164.478258169464	16.3127512759451	25119
166.382111674094	18.1938718033543	19953
168.634182708194	20.2992839790102	15849
171.292659716132	22.6144220321762	12589
174.209281207219	25.0900738613642	10000
177.672574641701	27.7676842194987	7943.3
181.491099166661	30.5768785263744	6309.6
185.675403644802	33.625686258195		5011.9
190.235196197359	36.8515217407179	3981.1
195.158651384406	40.3660233893355	3162.3
200.4695961657		44.2059001169948	2511.9
206.244385868766	48.4389060210005	1995.3
212.461201549332	53.1582624827708	1584.9
219.220670703637	58.4735718971355	1258.9
226.567324818195	64.4109850359599	1000
234.639021188144	71.1200583711418	794.33
243.497274946214	78.716491674522		630.96
253.240176725313	87.2841117422058	501.19
264.017829576616	96.9427501706166	398.11
275.949242612964	107.90242063331		316.23
289.181435431462	120.270686624892	251.19
303.963622585871	134.226833222576	199.53
320.384405493247	149.99371177567		158.49
338.754105750559	167.733497745772	125.89
359.229478842671	187.736199521934	100
382.246741706183	210.282160124129	79.433
408.026908928604	235.61116680636		63.096
435.997035858944	263.782263987865	50.119
468.271258987036	295.810112740431	39.811
504.545836910759	331.821560849198	31.623
547.620788531821	374.075495013488	25.119
593.624485335202	419.711281386339	19.953
645.246679745504	471.124525113821	15.849
702.880376509584	528.406041106639	12.589
767.739707316774	592.971239405307	10
840.456589189264	665.038218276638	7.9433
922.259737355051	746.177460914646	6.3096
1013.85293512599	837.042555199676	5.0119
1117.13974463568	938.984943655876	3.9811
1232.51121799998	1053.20254212022	3.1623
1362.12646187234	1181.21131333424	2.5119
1508.13031438512	1324.59384117908	1.9953
1670.97644371694	1485.83457933282	1.5849
1853.79874541719	1663.03912897377	1.2589
2059.86180994487	1863.82553751772	1
2291.96432330047	2089.77168505271	0.79433
2549.37640257569	2339.4263585467		0.63096
2839.83759514412	2619.65056087365	0.50119
3166.33436821212	2932.58993986856	0.39811
3533.38899670016	3281.67399428433	0.31623
3954.21624604277	3681.21400334909	0.25119
4412.56297623055	4114.52831504709	0.19953
4932.16804859857	4597.92921731057	0.15849
5513.82085031575	5139.48302983371	0.12589
6163.54516234731	5739.2072074678		0.1