61
191.011992188294	12.9573469220775	100000
189.866641491367	12.1509500191696	79433
189.303683368809	12.2179184329786	63096
189.128970385522	12.8531131609876	50119
189.327189262585	14.1668580567727	39811
189.762489249773	16.0404653689813	31623
190.485090179675	18.5605664713075	25119
191.47861386564		21.7965912319397	19953
192.729485139404	25.8475365797923	15849
194.377789168081	30.852477315973		12589
196.335141347232	36.9733442086935	10000
199.03573537219		44.4515128742541	7943.3
202.492865599266	53.5276082113457	6309.6
207.09068302398		64.4834978857965	5011.9
213.208634426459	77.5535253163672	3981.1
221.490428145392	92.9382349965889	3162.3
232.644999178022	110.634023830819	2511.9
247.583297947835	130.374975788226	1995.3
267.06925816156		151.529642508183	1584.9
291.714936631418	173.070387255253	1258.9
321.644766599163	193.611327406013	1000
356.372454938732	211.822690042959	794.33
394.639480444009	226.694207258959	630.96
435.030595076619	237.582912583218	501.19
474.391122066918	244.271891951472	398.11
514.249919780187	248.779467370868	316.23
554.597610304681	252.879835944384	251.19
591.351156023692	255.876249698124	199.53
626.586373144858	259.94718687231		158.49
660.85617163851		266.03687134813		125.89
694.604351187714	274.818882970992	100
728.658457857001	286.751971592023	79.433
763.490176839142	302.322560385193	63.096
800.200680936177	321.985502608546	50.119
839.005063406264	346.078367158646	39.811
881.001571435475	374.985708651263	31.623
926.405256167124	408.810737026641	25.119
975.94687541657		448.296884499491	19.953
1030.7626780327		493.64595873545		15.849
1090.93389342723	545.840463495114	12.589
1157.68611729534	604.93999714509		10
1231.94070055623	672.190954102449	7.9433
1314.29211575414	747.943835926303	6.3096
1405.83147134657	833.817656875904	5.0119
1508.13304805565	930.59231091195		3.9811
1622.68598130818	1039.12387788961	3.1623
1750.59654685987	1161.55362209108	2.5119
1893.0773562524		1298.05259275712	1.9953
2053.92493759273	1451.32213727725	1.5849
2231.62194615305	1622.28810670096	1.2589
2430.01960661715	1812.94387765631	1
2657.31022070296	2028.7325230626		0.79433
2905.91221484327	2268.45765128717	0.63096
3183.96738111051	2534.54057454176	0.50119
3497.79136563059	2831.4505139701		0.39811
3848.79321999893	3172.79741494631	0.31623
4246.33403818272	3537.93633905135	0.25119
4682.18934976718	3948.99885840041	0.19953
5172.1954040881		4434.5599471485		0.15849
5723.22504882639	4914.17649625408	0.12589
6334.55074159687	5471.20428467952	0.1