61
177.35623913621		12.7373971870034	100000
176.342429380383	11.9781295829485	79433
175.863180133125	12.0249305114782	63096
175.781121570501	12.6899225086859	50119
176.043244437938	13.9622414209391	39811
176.54490679041		15.7800330708538	31623
177.315533202682	18.2161167785982	25119
178.359293214158	21.3409709089762	19953
179.674884853282	25.2386054627029	15849
181.367844757488	30.0365515550103	12589
183.393522552235	35.8904735296215	10000
186.142172835703	43.0282924145942	7943.3
189.648532756954	51.6496478356655	6309.6
194.246731659891	61.9968887453674	5011.9
200.298305987488	74.2681092026947	3981.1
208.340827718542	88.6254010799582	3162.3
219.004055141852	105.051376620875	2511.9
232.989599646905	123.329077405673	1995.3
250.901485939251	143.006433948449	1584.9
273.277929128078	163.319858202841	1258.9
300.249995682825	183.373023926606	1000
331.68143337161		202.13913745618		794.33
366.953808332816	218.803042944393	630.96
405.184626088275	232.674122229893	501.19
444.644824629776	243.399577876636	398.11
485.043753678901	251.408447797903	316.23
526.131797209412	258.005381387286	251.19
565.163770855015	263.006903565125	199.53
603.017396336656	268.167298642709	158.49
639.780244647499	274.510257215296	125.89
675.860805368171	282.971413318392	100
711.712828290444	294.195809852008	79.433
748.228290729435	308.890516905148	63.096
786.02781240202		327.409713449149	50.119
825.863489954112	350.351065095299	39.811
868.129815214206	377.962616202474	31.623
914.073806697606	410.889810154023	25.119
964.223029509761	449.403928386867	19.953
1019.26355405896	494.191536803911	15.849
1079.61304488007	544.976075297078	12.589
1146.16878127825	603.494198415845	10
1220.41951457447	669.870859760519	7.9433
1302.47848889169	744.900946671384	6.3096
1393.46519940262	830.001487168423	5.0119
1495.63780419954	926.000330891304	3.9811
1609.52820676232	1033.91251411578	3.1623
1736.99104104608	1155.4081976161		2.5119
1879.20700238672	1291.57045682778	1.9953
2040.14231058401	1445.18524320485	1.5849
2217.24948547468	1614.73094250375	1.2589
2416.03109023046	1806.21257164811	1
2641.38397377742	2020.86602857972	0.79433
2889.67610102179	2260.83702809805	0.63096
3170.28925107199	2528.6187675034		0.50119
3483.76854809884	2827.12590767529	0.39811
3838.56769749538	3166.37323599808	0.31623
4235.71531099638	3538.59686051431	0.25119
4677.57940149658	3952.67248624349	0.19953
5178.11513195934	4430.22020308114	0.15849
5722.19213831111	4930.02276487067	0.12589
6342.26905940558	5498.82925393594	0.1