61
163.385986037186	10.3693589267531	100000
162.376353643294	9.28123970452065	79433
162.112641838183	8.84248440232705	63096
161.96086684829		8.85046976446733	50119
162.289816835709	9.19010531199427	39811
162.858969591197	9.84616041398637	31623
163.66182569884		10.7432830980325	25119
164.686874999442	11.8797164380006	19953
165.928044953729	13.2543955685093	15849
167.403856457116	14.8506173651439	12589
169.070102242786	16.6518834425399	10000
171.005750298957	18.726463922305		7943.3
173.298527597046	21.0608410228997	6309.6
175.894034434316	23.6691057054882	5011.9
178.805784440611	26.6040366362934	3981.1
182.082831441588	29.8545032639969	3162.3
185.749798594974	33.508176984907		2511.9
189.853930495637	37.5971908265651	1995.3
194.469527134832	42.1814726052484	1584.9
199.634954644492	47.3403415446998	1258.9
205.394476587657	53.1158922917415	1000
211.877156991188	59.6185315346643	794.33
219.138492452172	66.9039697263539	630.96
227.265021457456	75.133723866636		501.19
236.416815186117	84.4057643188383	398.11
246.654473737614	94.8460332274617	316.23
258.162631885544	106.615164261697	251.19
271.097815414174	119.880541720213	199.53
285.634380916074	134.806979116631	158.49
302.029167374083	151.588428525756	125.89
320.386091254057	170.474295186496	100
341.169906395764	191.716286701646	79.433
364.601797562007	215.724434741705	63.096
390.938409369776	242.595315477251	50.119
419.774471853569	272.487530660842	39.811
453.045158883959	306.348185095794	31.623
490.636688590915	344.425572341317	25.119
535.17856294712		388.818511868727	19.953
582.660611225667	436.95499903886		15.849
636.456406066797	490.79605112709		12.589
696.771350472858	551.19866719101		10
764.456568169226	618.879214252312	7.9433
840.705959233583	695.015532952685	6.3096
925.940384480144	779.934166254076	5.0119
1021.89010582684	875.27673719825		3.9811
1129.54221890446	982.431264753959	3.1623
1250.65337806422	1101.97352849884	2.5119
1385.98755855904	1235.77360924651	1.9953
1543.09957906998	1381.43565694431	1.5849
1708.00370051457	1555.47468980517	1.2589
1900.19250960368	1739.54037272476	1
2116.95013542738	1949.54753982921	0.79433
2357.01952989365	2184.91235264973	0.63096
2629.12293785423	2447.2051278125		0.50119
2934.01636146244	2739.67412100471	0.39811
3275.91216602511	3066.50762498085	0.31623
3668.14995990926	3438.95921652942	0.25119
4098.53903855777	3843.74633034699	0.19953
4582.29408123506	4296.36041467357	0.15849
5124.01049573612	4797.69794479539	0.12589
5729.03391609318	5358.9086898946		0.1