61
177.804944462602	10.2910454172136	100000
176.592438246915	8.99867932554711	79433
175.81797448956		8.37544098935019	63096
175.744285218238	8.21047221881911	50119
175.807807152346	8.49691680055319	39811
176.178177227881	9.06403732566357	31623
176.765297934266	9.90604515031711	25119
177.585386241737	11.0493825656438	19953
178.610476700271	12.4592809938872	15849
179.892700070117	14.1293840316876	12589
181.317042692989	16.0674274837774	10000
183.176758994417	18.2904853521546	7943.3
185.347145699212	20.8205197452884	6309.6
187.832133592044	23.640133974277		5011.9
190.667774632823	26.820142598718		3981.1
193.929176313284	30.3567436084564	3162.3
197.622691807199	34.3215158188323	2511.9
201.818755541498	38.7620406065775	1995.3
206.528504670568	43.6772610267421	1584.9
211.850826306943	49.2432286158254	1258.9
217.867095348617	55.4573470731789	1000
224.628924205951	62.419737133584		794.33
232.2376315251		70.2462696966838	630.96
240.809750590357	79.0550929611018	501.19
250.45329246678		88.9488954668006	398.11
261.296084108462	100.080309502304	316.23
273.495540195962	112.593773103504	251.19
287.247593397168	126.657079736293	199.53
302.731795407553	142.461646167552	158.49
320.137280137422	160.171917473853	125.89
339.680919476606	180.091768478806	100
361.798118321003	202.577652291497	79.433
386.632721278174	227.73941029771		63.096
414.61905460034		256.116742837182	50.119
445.345806314038	287.531384664664	39.811
480.572047241663	323.107965962238	31.623
522.54018623459		364.752817544389	25.119
567.495790990445	409.806539104618	19.953
617.931066761294	460.530872443381	15.849
674.609998803847	517.10596886926		12.589
738.451742269542	580.632039721416	10
810.168957070288	651.990462073927	7.9433
890.544063456132	731.88217046686		6.3096
980.751415719774	821.03888967882		5.0119
1082.29437552691	921.570695890543	3.9811
1196.01175727106	1034.02296638804	3.1623
1322.94829641948	1159.94650436363	2.5119
1467.14151593895	1300.78110963402	1.9953
1623.05084270886	1458.52998164983	1.5849
1806.39883995039	1634.21090667648	1.2589
2008.83561299219	1830.96042012697	1
2236.80742828099	2050.60591600775	0.79433
2489.97115509041	2299.02409173505	0.63096
2777.01527451484	2576.03702562307	0.50119
3096.82304680532	2882.15456167326	0.39811
3456.94620728426	3225.2274475484		0.31623
3867.20079490983	3615.45358075017	0.25119
4313.12697393639	4034.59275749295	0.19953
4813.87514861635	4502.83810185911	0.15849
5375.97181167108	5022.12156211403	0.12589
6021.57193548196	5646.01142162703	0.1