61
168.15899257986		12.5548851690186	100000
167.214974838191	11.9272149402387	79433
166.803207820912	12.09395924336		63096
166.780580954873	12.9006020125581	50119
167.092746790895	14.3068507811554	39811
167.655610587283	16.2935937743892	31623
168.498436635249	18.8959269900871	25119
169.657076155516	22.2221321547274	19953
171.159135663944	26.3561149352329	15849
173.090720506117	31.4199591007993	12589
175.513917943051	37.5525064934257	10000
178.812957101626	44.9730548886023	7943.3
183.098341880484	53.8556401034085	6309.6
188.803585764196	64.2974100117903	5011.9
196.401631432561	76.3449207305219	3981.1
206.435122126955	89.9055745682638	3162.3
219.51727297764		104.58887052262		2511.9
236.059621359996	119.745180319968	1995.3
256.218771590327	134.602918842246	1584.9
279.814609247452	148.176574570391	1258.9
306.062027693482	159.816175288172	1000
334.150351071184	169.069786187241	794.33
362.998685923219	176.014075076844	630.96
391.986157042474	181.440295431124	501.19
420.107197254009	185.555598441272	398.11
447.277372654308	189.466060851085	316.23
474.617025376934	194.558534864948	251.19
500.538147933738	200.396549891986	199.53
526.556152942886	208.124700704558	158.49
552.81621705722		218.179382793833	125.89
580.02711510426		230.827876327579	100
608.134693703419	246.553220921644	79.433
638.200297457839	265.558817889845	63.096
670.468552238378	287.81418980695		50.119
705.98532664901		314.284228245643	39.811
743.43377636023		344.652597538152	31.623
785.899428674614	380.094545652909	25.119
832.822715897912	420.77636732566		19.953
885.290546918609	467.780354764949	15.849
943.022181206217	518.966875053062	12.589
1006.4136296051		578.817318105651	10
1078.64154218448	645.399859920036	7.9433
1157.90722181592	720.398371148907	6.3096
1245.98309743216	806.024567027546	5.0119
1345.56627648409	901.621707355507	3.9811
1456.39187599847	1008.62727251836	3.1623
1580.94271041169	1129.50961351191	2.5119
1720.70840364313	1264.4062345789		1.9953
1877.45762690953	1415.23902052772	1.5849
2052.1292639193		1583.36306970616	1.2589
2248.42782967902	1773.65447889905	1
2468.05891554085	1985.0960783587		0.79433
2713.68884560936	2222.81350535953	0.63096
2991.99161816193	2485.85533838233	0.50119
3300.9454195121		2782.83369061469	0.39811
3647.16614693978	3110.64048819133	0.31623
4042.64688357217	3483.06801611272	0.25119
4479.22550106984	3893.93034725792	0.19953
4992.95213472689	4369.26944745946	0.15849
5516.23271528816	4852.088066513		0.12589
6120.41952008745	5427.20308438756	0.1