61	
171.13074	13.53595	100000
170.14335	12.90652	79433
169.72297	13.04292	63096
169.73262	13.87475	50119
170.12482	15.29179	39811
170.82161	17.29837	31623
171.81115	19.94192	25119
173.11283	23.28086	19953
174.76898	27.41467	15849
176.85904	32.4659		12589
179.38245	38.55902	10000
182.82654	45.90048	7943.3
187.21921	54.62404	6309.6
192.95472	64.8807		5011.9
200.44836	76.75433	3981.1
210.2242	90.16007	3162.3
222.81586	104.84206	2511.9
238.68088	120.28989	1995.3
258.16		135.74194	1584.9
281.12651	150.42022	1258.9
307.24531	163.44498	1000
335.51538	174.31638	794.33
365.14319	182.85701	630.96
395.34057	189.67596	501.19
425.17148	194.80865	398.11
453.91269	198.97991	316.23
481.91971	203.58904	251.19
509.49818	209.15504	199.53
537.17384	216.42948	158.49
564.7239	225.85884	125.89
592.78819	237.82835	100
621.92956	252.59679	79.433
652.13309	270.33795	63.096
684.77719	291.77733	50.119
719.85816	317.10795	39.811
758.17062	346.65772	31.623
799.90916	380.88261	25.119
846.15755	420.22958	19.953
896.81916	464.9115	15.849
952.66256	515.77441	12.589
1015.0013	573.60174	10
1085.10976	639.00127	7.9433
1162.50213	712.91111	6.3096
1249.5914	795.92372	5.0119
1346.38311	889.55702	3.9811
1455.19157	994.86395	3.1623
1577.01204	1113.20053	2.5119
1714.07264	1245.74721	1.9953
1867.63566	1394.48765	1.5849
2038.67438	1560.66674	1.2589
2230.1336	1746.09001	1
2446.83049	1954.63355	0.79433
2687.82086	2188.77601	0.63096
2958.39046	2447.91197	0.50119
3262.51058	2738.81667	0.39811
3602.0437	3063.55054	0.31623
3993.43472	3433.26159	0.25119
4426.08118	3841.06566	0.19953
4916.31511	4293.27327	0.15849
5459.39807	4792.12123	0.12589
6050.34066	5348.9306	0.1
