61
176.621348133821	11.7556038667697	100000
175.662261670303	10.705958220656		79433
175.278371320857	10.3683320916012	63096
175.331708226896	10.5499912788138	50119
175.767111542403	11.1032416970337	39811
176.522222206093	12.0066836616206	31623
177.575169855944	13.2111937565415	25119
178.930729538901	14.673823710678		19953
180.592852490128	16.3822831971822	15849
182.57052581259		18.3063874699397	12589
184.732794783823	20.4415254040713	10000
187.379427384572	22.8056304407017	7943.3
190.354110179069	25.3776579424976	6309.6
193.673856920982	28.1792955153237	5011.9
197.341675533118	31.2301287382917	3981.1
201.379916124768	34.5792637452681	3162.3
205.821314161538	38.2710233528877	2511.9
210.686325570758	42.3582881734258	1995.3
216.004507020964	46.9023093117104	1584.9
221.85971800466		52.0293927025439	1258.9
228.309565487372	57.7549240158983	1000
235.428443552839	64.2150307344614	794.33
243.327347269337	71.5060720573251	630.96
252.075873405334	79.7552764304275	501.19
261.811012224306	89.056837564903		398.11
272.673311357137	99.5606963395416	316.23
284.816207968152	111.423854877159	251.19
298.37414618267		124.816215689453	199.53
313.579813685833	139.906418899633	158.49
330.55857526103		156.874564706044	125.89
349.676184717267	175.970006243347	100
371.157172847313	197.602494654303	79.433
395.239780262892	221.872427430394	63.096
422.148757091341	249.047199074483	50.119
452.556096162388	279.829431898624	39.811
487.159511056409	314.687936334213	31.623
525.828795825638	353.545136789295	25.119
569.916348352794	397.551009180845	19.953
618.98409918538		446.74231709385		15.849
672.996881935837	501.455481290457	12.589
734.732493560033	562.927828116018	10
803.660614713269	631.756268752705	7.9433
881.473880890594	709.467680318629	6.3096
968.273957615381	796.317613598887	5.0119
1066.20066243997	893.582145390374	3.9811
1176.04514585005	1002.69564731751	3.1623
1299.26583766208	1124.95911399905	2.5119
1437.49481907634	1261.62492023358	1.9953
1593.13758849012	1414.54119502128	1.5849
1767.42773784435	1586.50911527297	1.2589
1961.90991716988	1778.2153443061		1
2182.04918266126	1993.24856191377	0.79433
2427.13274275305	2233.55928476791	0.63096
2704.20613986489	2502.93902471659	0.50119
3014.3699107332		2802.43225381224	0.39811
3362.39991740034	3137.36483734456	0.31623
3762.14833559438	3520.30105866121	0.25119
4198.84624069648	3938.81380335122	0.19953
4687.2082033537		4427.51497066569	0.15849
5247.67814877077	4923.74732360506	0.12589
5872.90169011819	5491.10391598868	0.1