61
169.896666666667	11.6267916666667	100000
169.025371666667	10.7522883333333	79433
168.746451666667	10.5497216666667	63096
168.869763333333	10.8505133333333	50119
169.411148333333	11.53433		39811
170.265785		12.56501		31623
171.426393333333	13.87185		25119
172.902913333333	15.4565083333333	19953
174.689618333333	17.2851916666667	15849
176.811673333333	19.3436016666667	12589
179.18066		21.6036033333333	10000
182.016923333333	24.082645		7943.3
185.226218333333	26.7529416666667	6309.6
188.794388333333	29.65013		5011.9
192.736335		32.7823183333333	3981.1
197.049061666667	36.179555		3162.3
201.757181666667	39.8997083333333	2511.9
206.913125		44.0007033333333	1995.3
212.52606		48.5449216666667	1584.9
218.669175		53.6270583333333	1258.9
225.377071666667	59.3107366666667	1000
232.764925		65.7156933333333	794.33
240.908583333333	72.92978		630.96
249.881073333333	81.0656816666667	501.19
259.842723333333	90.261185		398.11
270.896986666667	100.641563333333	316.23
283.188091666667	112.374693333333	251.19
296.908846666667	125.609936666667	199.53
312.18702		140.550728333333	158.49
329.297095		157.375285		125.89
348.3953		176.321621666667	100
369.850193333333	197.69124		79.433
394.005713333333	221.83335		63.096
421.097385		249.009381666667	50.119
451.807945		279.867478333333	39.811
485.991476666667	314.219668333333	31.623
524.700641666667	353.146653333333	25.119
568.38692		396.881993333333	19.953
616.857378333333	445.612416666667	15.849
671.357563333333	500.361123333333	12.589
732.701613333333	561.861523333333	10
801.456665		630.657563333333	7.9433
878.864323333333	708.194156666667	6.3096
965.62949		794.665748333333	5.0119
1063.25378		891.699013333333	3.9811
1172.722735		1000.545665		3.1623
1295.76200666667	1122.602145		2.5119
1433.91254		1258.97024166667	1.9953
1589.25554166667	1410.56791166667	1.5849
1762.70983166667	1582.610875		1.2589
1957.54777833333	1772.59194166667	1
2177.579645		1986.77985333333	0.79433
2422.68057666667	2225.58754666667	0.63096
2698.77621833333	2492.33167666667	0.50119
3008.20991166667	2789.41577333333	0.39811
3356.35259166667	3122.38675333333	0.31623
3753.19186666667	3499.12439		0.25119
4191.83002166667	3913.31746833333	0.19953
4683.50504		4373.282445		0.15849
5239.54356333333	4885.10793333333	0.12589
5852.04015166667	5452.86085166667	0.1